# SPDX-FileCopyrightText: 2023 Sascha Brawer <sascha@brawer.ch>
# SPDX-License-Identifier: CC0-1.0
#
# Public Domain: To the extent possible under law, the authors have
# waived all copyright and related or neighboring rights to this file.
# This work is published from Switzerland.
#
# Pages with nothing but ads. We don’t extract any content from these pages.
# Example: https://www.e-rara.ch/bes_1/periodical/pageview/25703765

25703765
25703766
25703767
25703768
25703769
25703770
25703771
25703772
25703773
25703774
25703775
25703776
25703777
25703778
25703779
25703780
25703893
25703894
25703895
25703896
25703897
25703898
25703899
25703900
25703901
25703902
25703903
25703904
25703905
25703906
25703907
25703908
25703961
25703962
25799564
25799565
25799566
25799567
25799568
25799569
25799570
25799571
25799636
25799637
25799638
25799639
25799640
25799641
25799642
25799643
25799708
25799709
25799710
25799711
25799712
25799713
25799714
25799715
25799780
25799781
25803483
25803484
25804020
25804021
25804022
25804023
25804024
25804025
25804026
25804027
25804028
25804029
25804030
25804031
25804032
25804033
25804034
25804035
25804148
25804149
25804150
25804151
25804152
25804153
25804154
25804155
25804156
25804157
25804158
25804159
25804160
25804161
25804162
25804163
25804228
25804229
25804716
25804717
25804718
25804719
25804720
25804721
25804722
25804723
25804788
25804789
25804790
25804791
25804792
25804793
25804794
25804795
25804860
25804861
25804862
25804863
25804864
25804865
25804866
25804867
25804918
25804919
25805402
25805403
25805404
25805405
25805406
25805407
25805408
25805409
25805474
25805475
25805476
25805477
25805478
25805479
25805480
25805481
25805546
25805547
25805548
25805549
25805550
25805551
25805552
25805553
25805612
25805613
25806100
25806101
25806102
25806103
25806104
25806105
25806106
25806107
25806172
25806173
25806174
25806175
25806176
25806177
25806178
25806179
25806244
25806245
25806246
25806247
25806248
25806249
25806250
25806251
25806310
25806311
25807001
25807002
25807490
25807491
25807492
25807493
25807494
25807495
25807496
25807497
25807546
25807547
25807548
25807549
25807550
25807551
25807552
25807553
25807602
25807603
25807604
25807605
25807606
25807607
25807608
25807609
25807658
25807659
25807660
25807661
25807662
25807663
25807664
25807665
25807730
25807731
25874853
25874854
25874855
25874856
25874857
25874858
25874859
25874860
25874925
25874926
25874927
25874928
25874929
25874930
25874931
25874932
25875073
25875074
25875701
25875702
25875871
25875872
25877341
25877342
25878370
25878371
25878964
25878965
25878966
25878967
25879102
25879103
25879534
25879535
25879666
25879667
25879668
25879669
25880404
25880405
25880406
25880407
25881177
25881178
25881179
25881180
25881359
25881360
25900971
25900972
25900973
25900974
25901171
25901172
25901990
25901991
25902833
25902834
25903708
25903709
25904597
25904598
25905510
25905511
25906416
25906417
26013928
26013929
26014082
26014083
26014236
26014237
26014300
26014301
26014994
26014995
26015154
26015155
26015322
26015323
26015353
26015354
26015355
26016227
26016228
26016403
26016404
26016579
26016580
26016651
26016652
26017589
26017590
26017773
26017774
26017955
26017956
26018029
26018030
26019000
26019001
26019188
26019189
26019376
26019377
26019452
26019453
26020420
26020421
26020612
26020613
26020806
26020807
26020884
26020885
26021871
26021872
26022055
26022056
26022237
26022238
26022311
26022312
26022347
26022348
26022349
26022350
26023418
26023419
26023602
26023603
26023786
26023787
26023860
26023861
26023898
26023899
26024999
26025000
26025185
26025186
26025371
26025372
26025445
26025446
26025478
26026646
26026647
26026842
26026843
26027030
26027031
26027064
26027065
26028295
26028296
26028485
26028486
26028667
26028668
26028703
26028704
26029928
26029929
26030136
26030137
26030328
26030329
26030369
26030370
26030371
26031640
26031641
26031852
26031853
26032056
26032057
26032098
26032099
26033399
26033400
26033615
26033616
26033823
26033824
26033866
26033867
26033868
26035210
26035211
26035438
26035439
26035648
26035649
26035694
26035695
26134400
